#Index	New-Pair	New-Block	Total-Pairs4-RuntTotal-Pairs	Total-Blocks

1	0	0	1559	7618	5389
2	0	0	1552	7618	5389
3	0	0	3238	7618	5389
4	0	0	1558	7618	5389
5	0	0	1924	7618	5389
6	0	0	3298	7618	5389
7	0	0	2338	7618	5389
8	0	0	1557	7618	5389
9	0	0	1559	7618	5389
10	0	0	2182	7618	5389
11	0	0	1945	7618	5389
12	0	0	4165	7618	5389
13	0	0	1557	7618	5389
14	0	0	3293	7618	5389
15	0	0	1556	7618	5389
16	0	0	6417	7618	5389
17	0	0	2469	7618	5389
18	0	0	1569	7618	5389
19	0	0	1922	7618	5389
20	0	0	1657	7618	5389
21	0	0	1550	7618	5389
22	6	4	6315	7624	5393
23	0	0	5563	7624	5393
24	0	0	2284	7624	5393
25	0	0	2066	7624	5393
26	0	0	4189	7624	5393
27	0	0	1698	7624	5393
28	0	0	6106	7624	5393
29	0	0	1559	7624	5393
30	0	0	1956	7624	5393
31	0	0	3492	7624	5393
32	0	0	2057	7624	5393
33	0	0	5799	7624	5393
34	0	0	2223	7624	5393
35	0	0	1989	7624	5393
36	0	0	5282	7624	5393
37	0	0	3414	7624	5393
38	0	0	1554	7624	5393
39	0	0	2047	7624	5393
40	0	0	1648	7624	5393
41	0	0	1735	7624	5393
42	0	0	1925	7624	5393
43	0	0	4161	7624	5393
44	0	0	1568	7624	5393
45	0	0	3505	7624	5393
46	0	0	3508	7624	5393
47	0	0	3222	7624	5393
48	0	0	1570	7624	5393
49	0	0	3949	7624	5393
50	0	0	3508	7624	5393
51	0	0	1552	7624	5393
52	0	0	6078	7624	5393
53	0	0	6168	7624	5393
54	0	0	3223	7624	5393
55	0	0	3234	7624	5393
56	0	0	2179	7624	5393
57	0	0	1567	7624	5393
58	0	0	4064	7624	5393
59	0	0	5292	7624	5393
60	0	0	2062	7624	5393
61	0	0	2777	7624	5393
62	0	0	1572	7624	5393
63	0	0	2035	7624	5393
64	0	0	2128	7624	5393
65	0	0	5794	7624	5393
66	0	0	1552	7624	5393
67	0	0	4038	7624	5393
68	0	0	1555	7624	5393
69	0	0	4157	7624	5393
70	0	0	3504	7624	5393
71	0	0	4249	7624	5393
72	0	0	1659	7624	5393
73	0	0	3175	7624	5393
74	0	0	1566	7624	5393
75	0	0	2091	7624	5393
76	0	0	3228	7624	5393
77	0	0	5456	7624	5393
78	0	0	2079	7624	5393
79	0	0	1548	7624	5393
80	0	0	6288	7624	5393
81	0	0	3228	7624	5393
82	0	0	4060	7624	5393
83	0	0	1566	7624	5393
84	0	0	1669	7624	5393
85	0	0	3240	7624	5393
86	0	0	3122	7624	5393
87	0	0	1626	7624	5393
88	0	0	1569	7624	5393
89	0	0	5539	7624	5393
90	0	0	1629	7624	5393
91	0	0	2186	7624	5393
92	0	0	1561	7624	5393
93	0	0	3239	7624	5393
94	0	0	3231	7624	5393
95	0	0	1685	7624	5393
96	0	0	1676	7624	5393
97	0	0	2028	7624	5393
98	0	0	3236	7624	5393
99	0	0	2026	7624	5393
100	0	0	2040	7624	5393
101	0	0	4088	7624	5393
102	0	0	2764	7624	5393
103	0	0	5623	7624	5393
104	0	0	1564	7624	5393
105	0	0	1664	7624	5393
106	0	0	1536	7624	5393
107	0	0	6067	7624	5393
108	0	0	1553	7624	5393
109	0	0	1556	7624	5393
110	0	0	1658	7624	5393
111	0	0	4198	7624	5393
112	0	0	4090	7624	5393
113	0	0	1561	7624	5393
114	0	0	2157	7624	5393
115	0	0	4220	7624	5393
116	0	0	3235	7624	5393
117	0	0	4202	7624	5393
118	0	0	2297	7624	5393
119	0	0	4085	7624	5393
120	0	0	3219	7624	5393
121	0	0	1706	7624	5393
122	0	0	1570	7624	5393
123	0	0	1633	7624	5393
124	0	0	1542	7624	5393
125	0	0	1689	7624	5393
126	0	0	4168	7624	5393
127	0	0	4068	7624	5393
128	0	0	2053	7624	5393
129	0	0	1571	7624	5393
130	0	0	5609	7624	5393
131	0	0	2777	7624	5393
132	0	0	2166	7624	5393
133	0	0	5518	7624	5393
134	0	0	1643	7624	5393
135	0	0	1575	7624	5393
136	0	0	3234	7624	5393
137	0	0	1565	7624	5393
138	0	0	6403	7624	5393
139	0	0	1648	7624	5393
140	0	0	2090	7624	5393
141	0	0	2763	7624	5393
142	0	0	5994	7624	5393
143	0	0	2052	7624	5393
144	0	0	3167	7624	5393
145	0	0	4117	7624	5393
146	0	0	2099	7624	5393
147	0	0	2074	7624	5393
148	0	0	4168	7624	5393
149	0	0	1579	7624	5393
150	0	0	2032	7624	5393
151	0	0	1983	7624	5393
152	0	0	2031	7624	5393
153	0	0	1554	7624	5393
154	0	0	3231	7624	5393
155	0	0	3349	7624	5393
156	0	0	3232	7624	5393
157	0	0	3453	7624	5393
158	0	0	2294	7624	5393
159	0	0	6244	7624	5393
160	0	0	4116	7624	5393
161	0	0	1951	7624	5393
162	0	0	1809	7624	5393
163	0	0	1538	7624	5393
164	0	0	3342	7624	5393
165	0	0	6335	7624	5393
166	0	0	1586	7624	5393
167	0	0	2134	7624	5393
168	0	0	1557	7624	5393
169	0	0	3270	7624	5393
170	0	0	1890	7624	5393
171	0	0	5390	7624	5393
172	0	0	2117	7624	5393
173	0	0	2326	7624	5393
174	0	0	3481	7624	5393
175	0	0	5648	7624	5393
176	0	0	3525	7624	5393
177	0	0	1970	7624	5393
178	0	0	1559	7624	5393
179	0	0	4228	7624	5393
180	0	0	1636	7624	5393
181	0	0	6166	7624	5393
182	0	0	4128	7624	5393
183	0	0	3176	7624	5393
184	0	0	2144	7624	5393
185	0	0	1963	7624	5393
186	0	0	2055	7624	5393
187	0	0	1562	7624	5393
188	0	0	3516	7624	5393
189	0	0	3240	7624	5393
190	0	0	4019	7624	5393
191	0	0	1554	7624	5393
192	0	0	2040	7624	5393
193	0	0	1955	7624	5393
194	0	0	1559	7624	5393
195	0	0	2145	7624	5393
196	0	0	3219	7624	5393
197	0	0	1706	7624	5393
198	0	0	1704	7624	5393
199	0	0	3231	7624	5393
200	0	0	1705	7624	5393
201	0	0	1551	7624	5393
202	0	0	1553	7624	5393
203	0	0	1557	7624	5393
204	0	0	4125	7624	5393
205	0	0	1566	7624	5393
206	0	0	1773	7624	5393
207	0	0	3210	7624	5393
208	0	0	2766	7624	5393
209	0	0	5406	7624	5393
210	0	0	1564	7624	5393
211	0	0	3235	7624	5393
212	0	0	6095	7624	5393
213	0	0	5387	7624	5393
214	0	0	1634	7624	5393
215	0	0	2766	7624	5393
216	0	0	2117	7624	5393
217	0	0	1550	7624	5393
218	0	0	5281	7624	5393
219	0	0	2106	7624	5393
220	0	0	2329	7624	5393
221	0	0	2374	7624	5393
222	0	0	2148	7624	5393
223	0	0	2767	7624	5393
224	0	0	2375	7624	5393
225	0	0	1571	7624	5393
226	0	0	1719	7624	5393
227	0	0	1708	7624	5393
228	0	0	6009	7624	5393
229	0	0	2280	7624	5393
230	0	0	1565	7624	5393
231	0	0	3554	7624	5393
232	0	0	6116	7624	5393
233	0	0	2072	7624	5393
234	0	0	1982	7624	5393
235	0	0	2292	7624	5393
236	0	0	1721	7624	5393
237	0	0	1557	7624	5393
238	0	0	2264	7624	5393
239	0	0	1549	7624	5393
240	0	0	3114	7624	5393
241	0	0	4048	7624	5393
242	0	0	6310	7624	5393
243	0	0	1886	7624	5393
244	0	0	2806	7624	5393
245	0	0	1754	7624	5393
246	0	0	2013	7624	5393
247	0	0	1561	7624	5393
248	0	0	1573	7624	5393
249	0	0	3534	7624	5393
250	0	0	6202	7624	5393
251	0	0	2349	7624	5393
252	0	0	2776	7624	5393
253	0	0	5380	7624	5393
254	0	0	1981	7624	5393
255	0	0	3946	7624	5393
256	0	0	2790	7624	5393
257	0	0	6314	7624	5393
258	0	0	6074	7624	5393
259	0	0	1916	7624	5393
260	0	0	1885	7624	5393
261	0	0	2143	7624	5393
262	0	0	1810	7624	5393
263	0	0	1583	7624	5393
264	0	0	1557	7624	5393
265	0	0	5875	7624	5393
266	0	0	1693	7624	5393
267	0	0	1557	7624	5393
268	0	0	3511	7624	5393
269	0	0	3181	7624	5393
270	0	0	4183	7624	5393
271	0	0	1669	7624	5393
272	0	0	6442	7624	5393
273	0	0	5470	7624	5393
274	0	0	2110	7624	5393
275	0	0	2278	7624	5393
276	0	0	2107	7624	5393
277	0	0	3207	7624	5393
278	0	0	3061	7624	5393
279	0	0	6330	7624	5393
280	0	0	6152	7624	5393
281	0	0	1573	7624	5393
282	0	0	4208	7624	5393
283	0	0	4094	7624	5393
284	0	0	1553	7624	5393
285	0	0	3184	7624	5393
286	0	0	2168	7624	5393
287	0	0	6317	7624	5393
288	0	0	1570	7624	5393
289	0	0	4022	7624	5393
290	0	0	4184	7624	5393
291	0	0	2192	7624	5393
292	0	0	2763	7624	5393
293	0	0	3251	7624	5393
294	0	0	1878	7624	5393
295	0	0	1568	7624	5393
296	0	0	2032	7624	5393
297	0	0	1551	7624	5393
298	0	0	1576	7624	5393
299	0	0	6127	7624	5393
300	0	0	1624	7624	5393
301	0	0	3532	7624	5393
302	0	0	3384	7624	5393
303	0	0	3253	7624	5393
304	0	0	1990	7624	5393
305	0	0	6362	7624	5393
306	0	0	1572	7624	5393
307	0	0	3237	7624	5393
308	0	0	2190	7624	5393
309	0	0	1555	7624	5393
310	0	0	2776	7624	5393
311	0	0	6507	7624	5393
312	0	0	4095	7624	5393
313	0	0	1558	7624	5393
314	0	0	3241	7624	5393
315	0	0	3297	7624	5393
316	0	0	4104	7624	5393
317	0	0	5285	7624	5393
318	0	0	2774	7624	5393
319	0	0	2011	7624	5393
320	0	0	1541	7624	5393
321	0	0	3239	7624	5393
322	0	0	2031	7624	5393
323	0	0	1559	7624	5393
324	0	0	1705	7624	5393
325	0	0	1705	7624	5393
326	0	0	1708	7624	5393
327	0	0	6477	7624	5393
328	0	0	2239	7624	5393
329	0	0	2149	7624	5393
330	0	0	2231	7624	5393
331	0	0	1966	7624	5393
332	0	0	1571	7624	5393
333	0	0	2162	7624	5393
334	0	0	3226	7624	5393
335	0	0	5644	7624	5393
336	0	0	4032	7624	5393
337	0	0	4092	7624	5393
338	0	0	1728	7624	5393
339	0	0	2179	7624	5393
340	0	0	6285	7624	5393
341	0	0	1579	7624	5393
342	0	0	1932	7624	5393
343	0	0	1548	7624	5393
344	0	0	1657	7624	5393
345	0	0	5274	7624	5393
346	0	0	1691	7624	5393
347	0	0	2037	7624	5393
348	0	0	2513	7624	5393
349	0	0	3223	7624	5393
350	0	0	6285	7624	5393
351	0	0	3300	7624	5393
352	0	0	2779	7624	5393
353	0	0	2040	7624	5393
354	0	0	1653	7624	5393
355	0	0	2776	7624	5393
356	0	0	4088	7624	5393
357	0	0	6154	7624	5393
358	0	0	1566	7624	5393
359	0	0	3210	7624	5393
360	0	0	4128	7624	5393
361	0	0	2774	7624	5393
362	0	0	2096	7624	5393
363	0	0	4037	7624	5393
364	0	0	2762	7624	5393
365	0	0	1557	7624	5393
366	0	0	4124	7624	5393
367	0	0	1581	7624	5393
368	0	0	3364	7624	5393
369	0	0	1668	7624	5393
370	0	0	6221	7624	5393
371	0	0	1558	7624	5393
372	0	0	4049	7624	5393
373	0	0	4218	7624	5393
374	0	0	1675	7624	5393
375	0	0	1552	7624	5393
376	0	0	1621	7624	5393
377	0	0	1678	7624	5393
378	0	0	6136	7624	5393
379	0	0	2068	7624	5393
380	0	0	2770	7624	5393
381	0	0	1561	7624	5393
382	0	0	2482	7624	5393
383	0	0	2762	7624	5393
384	0	0	5775	7624	5393
385	0	0	2074	7624	5393
386	0	0	3384	7624	5393
387	0	0	5382	7624	5393
388	0	0	1563	7624	5393
389	0	0	1548	7624	5393
390	0	0	1541	7624	5393
391	0	0	1938	7624	5393
392	0	0	1565	7624	5393
393	0	0	3509	7624	5393
394	0	0	1560	7624	5393
395	0	0	2778	7624	5393
396	0	0	3284	7624	5393
397	0	0	3535	7624	5393
398	0	0	6125	7624	5393
399	0	0	4074	7624	5393
400	0	0	1663	7624	5393
401	0	0	4171	7624	5393
402	0	0	3225	7624	5393
403	0	0	2200	7624	5393
404	0	0	1565	7624	5393
405	0	0	3526	7624	5393
406	0	0	2785	7624	5393
407	0	0	1553	7624	5393
408	0	0	3504	7624	5393
409	0	0	1667	7624	5393
410	0	0	2080	7624	5393
411	0	0	2106	7624	5393
412	0	0	2766	7624	5393
413	0	0	4008	7624	5393
414	0	0	1644	7624	5393
415	0	0	1678	7624	5393
416	0	0	6123	7624	5393
417	0	0	2125	7624	5393
418	0	0	6025	7624	5393
419	0	0	3251	7624	5393
420	0	0	6196	7624	5393
421	0	0	1680	7624	5393
422	0	0	1565	7624	5393
423	0	0	2124	7624	5393
424	0	0	3238	7624	5393
425	0	0	2076	7624	5393
426	0	0	2795	7624	5393
427	0	0	1662	7624	5393
428	0	0	5381	7624	5393
429	0	0	1546	7624	5393
430	0	0	1552	7624	5393
431	0	0	3236	7624	5393
432	0	0	1570	7624	5393
433	0	0	3078	7624	5393
434	0	0	1928	7624	5393
435	0	0	5781	7624	5393
436	0	0	1982	7624	5393
437	0	0	1572	7624	5393
438	0	0	1567	7624	5393
439	0	0	2187	7624	5393
440	0	0	3556	7624	5393
441	0	0	3301	7624	5393
442	0	0	1897	7624	5393
443	0	0	3495	7624	5393
444	0	0	1562	7624	5393
445	0	0	4102	7624	5393
446	0	0	1636	7624	5393
447	0	0	3550	7624	5393
448	0	0	1651	7624	5393
449	0	0	2372	7624	5393
450	0	0	1554	7624	5393
451	0	0	3503	7624	5393
452	0	0	3241	7624	5393
453	0	0	2806	7624	5393
454	0	0	4037	7624	5393
455	0	0	1997	7624	5393
456	0	0	1641	7624	5393
457	0	0	1733	7624	5393
458	0	0	1568	7624	5393
459	0	0	5403	7624	5393
460	0	0	2283	7624	5393
461	0	0	2235	7624	5393
462	0	0	1568	7624	5393
463	0	0	2140	7624	5393
464	0	0	2159	7624	5393
465	0	0	3317	7624	5393
466	0	0	3270	7624	5393
467	0	0	2140	7624	5393
468	0	0	3984	7624	5393
469	0	0	1995	7624	5393
470	0	0	6178	7624	5393
471	0	0	1563	7624	5393
472	0	0	1533	7624	5393
473	0	0	3506	7624	5393
474	0	0	3101	7624	5393
475	0	0	6137	7624	5393
476	0	0	3243	7624	5393
477	0	0	1775	7624	5393
478	0	0	2209	7624	5393
479	0	0	1989	7624	5393
480	0	0	3160	7624	5393
481	0	0	1569	7624	5393
482	0	0	4220	7624	5393
483	0	0	2212	7624	5393
484	0	0	4076	7624	5393
485	0	0	5449	7624	5393
486	0	0	5542	7624	5393
487	0	0	1566	7624	5393
488	0	0	1559	7624	5393
489	0	0	1912	7624	5393
490	0	0	5397	7624	5393
491	0	0	1983	7624	5393
492	0	0	2032	7624	5393
493	0	0	3508	7624	5393
494	0	0	2136	7624	5393
495	0	0	2217	7624	5393
496	0	0	6157	7624	5393
497	0	0	2066	7624	5393
498	0	0	4138	7624	5393
499	0	0	3350	7624	5393
500	0	0	3195	7624	5393
501	0	0	5378	7624	5393
502	0	0	3078	7624	5393
503	0	0	4121	7624	5393
504	0	0	4088	7624	5393
505	0	0	3242	7624	5393
506	0	0	1655	7624	5393
507	0	0	2152	7624	5393
508	0	0	1556	7624	5393
509	0	0	1614	7624	5393
510	0	0	1548	7624	5393
511	0	0	1944	7624	5393
512	0	0	2246	7624	5393
513	0	0	2150	7624	5393
514	0	0	1552	7624	5393
515	0	0	2176	7624	5393
516	0	0	4067	7624	5393
517	0	0	1564	7624	5393
518	0	0	1561	7624	5393
519	0	0	1634	7624	5393
520	0	0	4163	7624	5393
521	0	0	1574	7624	5393
522	0	0	3505	7624	5393
523	0	0	4022	7624	5393
524	0	0	2008	7624	5393
525	0	0	1628	7624	5393
526	0	0	1552	7624	5393
527	0	0	1560	7624	5393
528	0	0	3510	7624	5393
529	0	0	3500	7624	5393
530	0	0	3495	7624	5393
531	0	0	1552	7624	5393
532	0	0	3502	7624	5393
533	0	0	6206	7624	5393
534	0	0	4186	7624	5393
535	0	0	3108	7624	5393
536	0	0	1567	7624	5393
537	0	0	1715	7624	5393
538	0	0	4144	7624	5393
539	0	0	3230	7624	5393
540	0	0	1973	7624	5393
541	0	0	2279	7624	5393
542	0	0	4109	7624	5393
543	0	0	1992	7624	5393
544	0	0	1976	7624	5393
545	0	0	1559	7624	5393
546	0	0	1993	7624	5393
547	0	0	1713	7624	5393
548	0	0	1578	7624	5393
549	0	0	2201	7624	5393
550	0	0	1567	7624	5393
551	0	0	6248	7624	5393
552	0	0	1557	7624	5393
553	0	0	1563	7624	5393
554	0	0	1545	7624	5393
555	0	0	4110	7624	5393
556	0	0	2096	7624	5393
557	0	0	2354	7624	5393
558	0	0	3238	7624	5393
559	0	0	1673	7624	5393
560	0	0	1692	7624	5393
561	0	0	2097	7624	5393
562	0	0	5391	7624	5393
563	0	0	3297	7624	5393
564	0	0	6230	7624	5393
565	0	0	1961	7624	5393
566	0	0	2760	7624	5393
567	0	0	2793	7624	5393
568	0	0	1960	7624	5393
569	0	0	1564	7624	5393
570	0	0	3288	7624	5393
571	0	0	1551	7624	5393
572	0	0	1563	7624	5393
573	0	0	4167	7624	5393
574	0	0	1667	7624	5393
575	0	0	2257	7624	5393
576	0	0	2765	7624	5393
577	0	0	1941	7624	5393
578	0	0	3213	7624	5393
579	0	0	5799	7624	5393
580	0	0	4195	7624	5393
581	0	0	4034	7624	5393
582	0	0	6297	7624	5393
583	0	0	2764	7624	5393
584	0	0	6083	7624	5393
585	0	0	2797	7624	5393
586	0	0	1750	7624	5393
587	0	0	6370	7624	5393
588	0	0	1553	7624	5393
589	0	0	1754	7624	5393
590	0	0	6147	7624	5393
591	0	0	6330	7624	5393
592	0	0	5616	7624	5393
593	0	0	3192	7624	5393
594	0	0	3207	7624	5393
595	0	0	1565	7624	5393
596	0	0	2094	7624	5393
597	0	0	5545	7624	5393
598	0	0	2058	7624	5393
599	0	0	2762	7624	5393
600	0	0	4147	7624	5393
601	0	0	1552	7624	5393
602	0	0	1571	7624	5393
603	0	0	2080	7624	5393
604	0	0	2075	7624	5393
605	0	0	3986	7624	5393
606	0	0	3215	7624	5393
607	0	0	1553	7624	5393
608	0	0	2368	7624	5393
609	0	0	1569	7624	5393
610	0	0	2791	7624	5393
611	0	0	1557	7624	5393
612	0	0	1554	7624	5393
613	0	0	1564	7624	5393
614	0	0	2102	7624	5393
615	0	0	3487	7624	5393
616	0	0	1567	7624	5393
617	0	0	2129	7624	5393
618	0	0	1681	7624	5393
619	0	0	3512	7624	5393
620	0	0	5484	7624	5393
621	0	0	4007	7624	5393
622	0	0	3167	7624	5393
623	0	0	1544	7624	5393
624	0	0	5377	7624	5393
625	0	0	1534	7624	5393
626	0	0	6080	7624	5393
627	0	0	2050	7624	5393
628	0	0	3156	7624	5393
629	0	0	1552	7624	5393
630	0	0	6144	7624	5393
631	0	0	2026	7624	5393
632	0	0	5491	7624	5393
633	0	0	1579	7624	5393
634	0	0	1994	7624	5393
635	0	0	2040	7624	5393
636	0	0	2764	7624	5393
637	0	0	2391	7624	5393
638	0	0	2799	7624	5393
639	0	0	4088	7624	5393
640	0	0	5535	7624	5393
641	0	0	2153	7624	5393
642	0	0	3549	7624	5393
643	0	0	3079	7624	5393
644	0	0	3228	7624	5393
645	0	0	1554	7624	5393
646	0	0	3249	7624	5393
647	0	0	2185	7624	5393
648	0	0	1643	7624	5393
649	0	0	2222	7624	5393
650	0	0	2769	7624	5393
651	0	0	1630	7624	5393
652	0	0	6320	7624	5393
653	0	0	3219	7624	5393
654	0	0	4120	7624	5393
655	0	0	1559	7624	5393
656	0	0	2089	7624	5393
657	0	0	2233	7624	5393
658	0	0	4190	7624	5393
659	0	0	1556	7624	5393
660	0	0	6475	7624	5393
661	0	0	1570	7624	5393
662	0	0	3491	7624	5393
663	0	0	4141	7624	5393
664	0	0	2008	7624	5393
665	0	0	1572	7624	5393
666	0	0	6331	7624	5393
667	0	0	1565	7624	5393
668	0	0	1560	7624	5393
669	0	0	6266	7624	5393
670	0	0	1646	7624	5393
671	0	0	2152	7624	5393
672	0	0	5541	7624	5393
673	0	0	3246	7624	5393
674	0	0	3235	7624	5393
675	0	0	5285	7624	5393
676	0	0	3237	7624	5393
677	0	0	1582	7624	5393
678	0	0	2797	7624	5393
679	0	0	1684	7624	5393
680	0	0	3431	7624	5393
681	0	0	2271	7624	5393
682	0	0	3519	7624	5393
683	0	0	6321	7624	5393
684	0	0	3331	7624	5393
685	0	0	5605	7624	5393
686	0	0	1564	7624	5393
687	0	0	2276	7624	5393
688	0	0	1647	7624	5393
689	0	0	6114	7624	5393
690	0	0	1694	7624	5393
691	0	0	1566	7624	5393
692	0	0	1626	7624	5393
693	0	0	1579	7624	5393
694	0	0	2773	7624	5393
695	0	0	2764	7624	5393
696	0	0	3245	7624	5393
697	0	0	2010	7624	5393
698	0	0	3037	7624	5393
699	0	0	1560	7624	5393
700	0	0	2274	7624	5393
701	0	0	2299	7624	5393
702	0	0	3240	7624	5393
703	0	0	1558	7624	5393
704	0	0	2797	7624	5393
705	0	0	3245	7624	5393
706	0	0	6407	7624	5393
707	0	0	1579	7624	5393
708	0	0	2481	7624	5393
709	0	0	4161	7624	5393
710	0	0	4065	7624	5393
711	0	0	2300	7624	5393
712	0	0	5534	7624	5393
713	0	0	2324	7624	5393
714	0	0	1962	7624	5393
715	0	0	6041	7624	5393
716	0	0	2032	7624	5393
717	0	0	5562	7624	5393
718	0	0	1552	7624	5393
719	0	0	1579	7624	5393
720	0	0	3318	7624	5393
721	0	0	4095	7624	5393
722	0	0	2114	7624	5393
723	0	0	5649	7624	5393
724	0	0	4209	7624	5393
725	0	0	2003	7624	5393
726	0	0	2040	7624	5393
727	0	0	3304	7624	5393
728	0	0	5607	7624	5393
729	0	0	1558	7624	5393
730	0	0	1561	7624	5393
731	0	0	1736	7624	5393
732	0	0	6210	7624	5393
733	0	0	1676	7624	5393
734	0	0	1580	7624	5393
735	0	0	3306	7624	5393
736	0	0	3256	7624	5393
737	0	0	1645	7624	5393
738	0	0	2776	7624	5393
739	0	0	4135	7624	5393
740	0	0	6150	7624	5393
741	0	0	1561	7624	5393
742	0	0	3224	7624	5393
743	0	0	3109	7624	5393
744	0	0	2348	7624	5393
745	0	0	4132	7624	5393
746	0	0	2771	7624	5393
747	0	0	3163	7624	5393
748	0	0	1912	7624	5393
749	0	0	6062	7624	5393
750	0	0	3222	7624	5393
751	0	0	3082	7624	5393
752	0	0	6400	7624	5393
753	0	0	6161	7624	5393
754	0	0	3246	7624	5393
755	0	0	1566	7624	5393
756	0	0	3193	7624	5393
757	0	0	3183	7624	5393
758	0	0	1552	7624	5393
759	0	0	2315	7624	5393
760	0	0	6408	7624	5393
761	0	0	1553	7624	5393
762	0	0	3301	7624	5393
763	0	0	1553	7624	5393
764	0	0	2779	7624	5393
765	0	0	1565	7624	5393
766	0	0	2792	7624	5393
767	0	0	2090	7624	5393
768	0	0	1900	7624	5393
769	0	0	1695	7624	5393
770	0	0	6085	7624	5393
771	0	0	1547	7624	5393
772	0	0	3988	7624	5393
773	0	0	6144	7624	5393
774	0	0	1560	7624	5393
775	0	0	2797	7624	5393
776	0	0	3046	7624	5393
777	0	0	1576	7624	5393
778	0	0	2091	7624	5393
779	0	0	5493	7624	5393
780	0	0	2226	7624	5393
781	0	0	3247	7624	5393
782	0	0	1558	7624	5393
783	0	0	1597	7624	5393
784	0	0	1565	7624	5393
785	0	0	1550	7624	5393
786	0	0	1555	7624	5393
787	0	0	2102	7624	5393
788	0	0	3541	7624	5393
789	0	0	1978	7624	5393
790	0	0	2078	7624	5393
791	0	0	2081	7624	5393
792	0	0	2089	7624	5393
793	0	0	1721	7624	5393
794	0	0	5545	7624	5393
795	0	0	2098	7624	5393
796	0	0	1753	7624	5393
797	0	0	1715	7624	5393
798	0	0	2120	7624	5393
799	0	0	1558	7624	5393
800	0	0	1731	7624	5393
801	0	0	3233	7624	5393
802	0	0	2133	7624	5393
803	0	0	1612	7624	5393
804	0	0	6157	7624	5393
805	0	0	2755	7624	5393
806	0	0	2039	7624	5393
807	0	0	1559	7624	5393
808	0	0	6071	7624	5393
809	0	0	2767	7624	5393
810	0	0	3129	7624	5393
811	0	0	2058	7624	5393
812	0	0	4182	7624	5393
813	0	0	1890	7624	5393
814	0	0	2771	7624	5393
815	0	0	1548	7624	5393
816	0	0	1724	7624	5393
817	0	0	2047	7624	5393
818	0	0	4090	7624	5393
819	0	0	1676	7624	5393
820	0	0	1675	7624	5393
821	0	0	1994	7624	5393
822	0	0	1549	7624	5393
823	0	0	1903	7624	5393
824	0	0	1926	7624	5393
825	0	0	3223	7624	5393
826	0	0	5542	7624	5393
827	0	0	4109	7624	5393
828	0	0	1679	7624	5393
829	0	0	1660	7624	5393
830	0	0	1559	7624	5393
831	0	0	5539	7624	5393
832	0	0	2122	7624	5393
833	0	0	2252	7624	5393
834	0	0	4158	7624	5393
835	0	0	2181	7624	5393
836	0	0	4087	7624	5393
837	0	0	3131	7624	5393
838	0	0	1575	7624	5393
839	0	0	4080	7624	5393
840	0	0	2744	7624	5393
841	0	0	2039	7624	5393
842	0	0	3302	7624	5393
843	0	0	3497	7624	5393
844	0	0	1912	7624	5393
845	0	0	2070	7624	5393
846	0	0	2182	7624	5393
847	0	0	3522	7624	5393
848	0	0	1989	7624	5393
849	0	0	2196	7624	5393
850	0	0	3470	7624	5393
851	0	0	6176	7624	5393
852	0	0	6310	7624	5393
853	0	0	3181	7624	5393
854	0	0	1754	7624	5393
855	0	0	2006	7624	5393
856	0	0	1552	7624	5393
857	0	0	1730	7624	5393
858	0	0	3438	7624	5393
859	0	0	4050	7624	5393
860	0	0	6360	7624	5393
861	0	0	3538	7624	5393
862	0	0	1549	7624	5393
863	0	0	1565	7624	5393
864	0	0	2258	7624	5393
865	0	0	2014	7624	5393
866	0	0	2083	7624	5393
867	0	0	1564	7624	5393
868	0	0	2768	7624	5393
869	0	0	4089	7624	5393
870	0	0	1882	7624	5393
871	0	0	3240	7624	5393
872	0	0	3242	7624	5393
873	0	0	1697	7624	5393
874	0	0	5269	7624	5393
875	0	0	2776	7624	5393
876	0	0	3197	7624	5393
877	0	0	1551	7624	5393
878	0	0	1545	7624	5393
879	0	0	2791	7624	5393
880	0	0	3506	7624	5393
881	0	0	1564	7624	5393
882	0	0	2184	7624	5393
883	0	0	5544	7624	5393
884	0	0	2800	7624	5393
885	0	0	1556	7624	5393
886	0	0	1557	7624	5393
887	0	0	3297	7624	5393
888	0	0	1571	7624	5393
889	0	0	1557	7624	5393
890	0	0	1685	7624	5393
891	0	0	6318	7624	5393
892	0	0	3270	7624	5393
893	0	0	1570	7624	5393
894	0	0	6080	7624	5393
895	0	0	1761	7624	5393
896	0	0	1778	7624	5393
897	0	0	3989	7624	5393
898	0	0	1630	7624	5393
899	0	0	1562	7624	5393
900	0	0	1685	7624	5393
901	0	0	1547	7624	5393
902	0	0	3225	7624	5393
903	0	0	4019	7624	5393
904	0	0	2792	7624	5393
905	0	0	1743	7624	5393
906	0	0	4181	7624	5393
907	0	0	5638	7624	5393
908	0	0	2431	7624	5393
909	0	0	3239	7624	5393
910	0	0	3355	7624	5393
911	0	0	2768	7624	5393
912	0	0	4177	7624	5393
913	0	0	2378	7624	5393
914	0	0	1556	7624	5393
915	0	0	2400	7624	5393
916	0	0	6434	7624	5393
917	0	0	3523	7624	5393
918	0	0	1734	7624	5393
919	0	0	6275	7624	5393
920	0	0	1643	7624	5393
921	0	0	2330	7624	5393
922	0	0	1557	7624	5393
923	0	0	2230	7624	5393
924	0	0	1997	7624	5393
925	0	0	2026	7624	5393
926	0	0	2056	7624	5393
927	0	0	1573	7624	5393
928	0	0	3532	7624	5393
929	0	0	3300	7624	5393
930	0	0	1546	7624	5393
931	0	0	3448	7624	5393
932	0	0	1546	7624	5393
933	0	0	2774	7624	5393
934	0	0	1567	7624	5393
935	0	0	2035	7624	5393
936	0	0	5566	7624	5393
937	0	0	2059	7624	5393
938	0	0	5552	7624	5393
939	0	0	1654	7624	5393
940	0	0	4212	7624	5393
941	0	0	5551	7624	5393
942	0	0	3307	7624	5393
943	0	0	3484	7624	5393
944	0	0	1553	7624	5393
945	0	0	1936	7624	5393
946	0	0	4255	7624	5393
947	0	0	3254	7624	5393
948	0	0	2185	7624	5393
949	0	0	1562	7624	5393
950	0	0	5574	7624	5393
951	0	0	3167	7624	5393
952	0	0	1567	7624	5393
953	0	0	2381	7624	5393
954	0	0	1559	7624	5393
955	0	0	1994	7624	5393
956	0	0	3235	7624	5393
957	0	0	4055	7624	5393
958	0	0	3249	7624	5393
959	0	0	1848	7624	5393
960	0	0	1982	7624	5393
961	0	0	1558	7624	5393
962	0	0	3503	7624	5393
963	0	0	4170	7624	5393
964	0	0	3518	7624	5393
965	0	0	1543	7624	5393
966	0	0	1571	7624	5393
967	0	0	3233	7624	5393
968	0	0	1576	7624	5393
969	0	0	1764	7624	5393
970	0	0	1567	7624	5393
971	0	0	5556	7624	5393
972	0	0	2249	7624	5393
973	0	0	1555	7624	5393
974	0	0	2012	7624	5393
975	0	0	3232	7624	5393
976	0	0	2280	7624	5393
977	0	0	1968	7624	5393
978	0	0	3200	7624	5393
979	0	0	2327	7624	5393
980	0	0	4027	7624	5393
981	0	0	6096	7624	5393
982	0	0	6143	7624	5393
983	0	0	1988	7624	5393
984	0	0	3226	7624	5393
985	0	0	2063	7624	5393
986	0	0	1557	7624	5393
987	0	0	1945	7624	5393
988	0	0	2035	7624	5393
989	0	0	3192	7624	5393
990	0	0	6155	7624	5393
991	0	0	6332	7624	5393
992	0	0	2031	7624	5393
993	0	0	2177	7624	5393
994	0	0	2243	7624	5393
995	0	0	1655	7624	5393
996	0	0	3237	7624	5393
997	0	0	2101	7624	5393
998	0	0	2197	7624	5393
999	0	0	5273	7624	5393
1000	0	0	1690	7624	5393
